010001001000000000000000000000000000000000000000000000000000000000
000001001000001100010000001000000000000000000000000000000000000000
000001110100000000001000001010110000000000000000000000110110000010
000001100000000000001000001010110001000000000000000000110110000010
011001010000000000000000000000000000000000000000000000000000000000
000001001000001100010000001000000100000000000000000000000000000000
000001100100000000001000001010110000110000000000000000110110000010
000001011100000000001000001010110001110000000000000000110110000010
000010010000000000010000000100001100000000000000000000010110000010
000001001000001100010000001000001000000000000000000000000000000000
000010110101000000000000000000000000101000000011000100000000000000
000010110101000000000000000000000000101000000011000100000000000000
000001001000000010000010001010000000000000000000000000100000000000
000001001000001100000100001000000000000000000000000000000000000000
000001001000001100001000000001010000010000000000000000000000000000
000001110000000000001000000000000000000000000000000000010110000010
001001000000000000000000000000000011100000000000000000000000000000
001001000100000000000000000000000011000000000000000000000000000000
000110000100000011000000000000000000000000000000000000010110000010
000010000100000011000000000000000000000000000000000000010110000000
000001001000001011000010101010000000000000000000000000000000000000
000001001000001011000010100001100000010000000000000000000000000000
000001001000000010000010000001000000010000000000000000000000000000
000001000001000000010000000000001100100000000000000000000000000000
000001000101000000010000000000001100000000000000000000000000000000
001001100101000000000000000000000010100000000000000000000000000000
000010110010000000000000000000000000000000000000000000000000100000
000001001000001100100000000000000000100000000000000000000000000000
001001110001001001000000100000000010100000000000000000000000000000
001001110101000000000000000000000010000000000000000000000000000000
000001001000000010100001000000000000100000000000000000000000000000
000001001000001100100000000000000000000000000000000000000000000000
100000000000010000000000000000000000000000000000000000000000000000
001010000101000000000000000000000010100000000000000000000000000000
000011001100001000000000010100000000000000110000000000000000000000
000010000000100000100000000000000000100000000000000000000000000000
001010010001000000000000000000000010100000000000000000000000000000
000011110000001000000000010100000000000000111000000000010110000010
000010011100000010100001000000000000100000000000000000000000000000
000010100000001000000000010100000000000000110000000000010110000010
001010100001000000000000000000000010100000000000000000000000000000
000010110101000000000000000000000000101000000011000000000000000000
000010001000000000100000000000000000100100000000000000000000000000
000000000000000000000000000000000000000000000000000000001000000000
001010110001000000000000000000000000000000000000000000000000010000
000010010100001000000000010100000000000000101000100000000000000000
000011000101000000000000000000000000100000000000000000100000001000
000011000000001000000000010100000000000000111000000000010110000010
001011000000000000000000000000000011100000000000000000000000000000
001011000100000000000000000000000011100000000000000000000000000000
000011010000000000000000000000000000000000000000001000010110000010
000010101110000000000000000000000000000000000000000000000001000101
001011010001000000000000000000000010100000000000000000000000000000
000000000000000000000000000000000000000000000000000000000000000000
000001001000000010100001000000000000100000000000000000000000000000
000010110101000000000000000000000000101000000011000001000000000000
000010110101000000000000000000000000101001000011000000000000000000
000010110101000000000000000000000000101000000011000001000000000000
000000000000000000000000000000000000000000000000000000000000000000
000001001001000000000000000000000000000000000000000000000000000000
001111110000000000000000000000000011100000000000000000000000000000
000010110101000000000000000000000000101001000011000000000000000000
000010111101000000000000000000000000100000000100000000000000000000
000001001000001000000000010100000000000000100000010000000000000000
